opt_sol,opt_cost,adj_matrix,max_cost,size,avg_cost_new_method_p_layer_circuit,avg_gap_new_method_p_layer_circuit,avg_opt_reached_new_method_p_layer_circuit,avg_proba_new_method_p_layer_circuit,avg_cost_old_gray_trotter_method,avg_gap_old_gray_trotter_method,avg_opt_reached_old_gray_trotter_method,avg_proba_old_gray_trotter_method
"[0, 5, 1, 15, 6, 11, 14, 8, 2, 3, 10, 12, 4, 9, 13, 7]",171,"[[0, 11, 49, 46, 27, 1, 26, 16, 32, 24, 52, 27, 31, 20, 21, 13], [11, 0, 39, 39, 27, 11, 15, 18, 24, 28, 45, 16, 31, 25, 10, 3], [49, 39, 0, 12, 35, 49, 37, 39, 18, 45, 18, 31, 35, 47, 30, 36], [46, 39, 12, 0, 27, 47, 42, 33, 15, 37, 7, 37, 25, 40, 32, 36], [27, 27, 35, 27, 0, 28, 39, 10, 18, 10, 29, 36, 4, 13, 27, 24], [1, 11, 49, 47, 28, 0, 25, 17, 32, 25, 52, 27, 32, 21, 21, 13], [26, 15, 37, 42, 39, 25, 0, 32, 29, 43, 49, 5, 43, 40, 12, 17], [16, 18, 39, 33, 10, 17, 32, 0, 21, 10, 37, 30, 15, 9, 21, 15], [32, 24, 18, 15, 18, 32, 29, 21, 0, 27, 21, 24, 19, 29, 18, 21], [24, 28, 45, 37, 10, 25, 43, 10, 27, 0, 39, 41, 12, 5, 32, 26], [52, 45, 18, 7, 29, 52, 49, 37, 21, 39, 0, 44, 27, 42, 39, 42], [27, 16, 31, 37, 36, 27, 5, 30, 24, 41, 44, 0, 39, 39, 8, 16], [31, 31, 35, 25, 4, 32, 43, 15, 19, 12, 27, 39, 0, 16, 31, 28], [20, 25, 47, 40, 13, 21, 40, 9, 29, 5, 42, 39, 16, 0, 30, 23], [21, 10, 30, 32, 27, 21, 12, 21, 18, 32, 39, 8, 31, 30, 0, 8], [13, 3, 36, 36, 24, 13, 17, 15, 21, 26, 42, 16, 28, 23, 8, 0]]",884,16,314.0,83.62573099415204,0.0,9.04,349.0,104.09356725146196,0.0,0.02
"[0, 7, 13, 8, 12, 3, 11, 1, 10, 15, 4, 2, 5, 9, 6, 14]",185,"[[0, 37, 54, 36, 45, 46, 27, 18, 34, 36, 48, 33, 34, 27, 9, 56], [37, 0, 28, 14, 16, 32, 34, 22, 19, 25, 13, 5, 16, 12, 40, 21], [54, 28, 0, 43, 12, 14, 35, 35, 47, 19, 17, 29, 44, 39, 52, 17], [36, 14, 43, 0, 31, 45, 43, 27, 5, 38, 27, 15, 2, 10, 42, 33], [45, 16, 12, 31, 0, 18, 31, 26, 35, 17, 7, 17, 32, 27, 44, 13], [46, 32, 14, 45, 18, 0, 22, 29, 49, 10, 25, 30, 46, 38, 42, 29], [27, 34, 35, 43, 31, 22, 0, 16, 44, 15, 37, 30, 42, 33, 20, 44], [18, 22, 35, 27, 26, 29, 16, 0, 28, 19, 30, 17, 26, 17, 18, 38], [34, 19, 47, 5, 35, 49, 44, 28, 0, 41, 32, 19, 3, 11, 40, 38], [36, 25, 19, 38, 17, 10, 15, 19, 41, 0, 24, 22, 38, 30, 32, 30], [48, 13, 17, 27, 7, 25, 37, 30, 32, 24, 0, 16, 29, 25, 48, 8], [33, 5, 29, 15, 17, 30, 30, 17, 19, 22, 16, 0, 16, 10, 35, 24], [34, 16, 44, 2, 32, 46, 42, 26, 3, 38, 29, 16, 0, 9, 40, 35], [27, 12, 39, 10, 27, 38, 33, 17, 11, 30, 25, 10, 9, 0, 32, 33], [9, 40, 52, 42, 44, 42, 20, 18, 40, 32, 48, 35, 40, 32, 0, 56], [56, 21, 17, 33, 13, 29, 44, 38, 38, 30, 8, 24, 35, 33, 56, 0]]",952,16,406.0,119.45945945945942,0.0,0.16,507.0,174.05405405405406,0.0,0.01
"[0, 4, 2, 8, 6, 12, 9, 14, 11, 1, 15, 7, 3, 5, 10, 13]",172,"[[0, 39, 16, 31, 12, 26, 41, 39, 25, 46, 19, 45, 49, 16, 39, 37], [39, 0, 38, 7, 43, 12, 41, 13, 36, 17, 19, 9, 31, 28, 11, 3], [16, 38, 0, 33, 7, 28, 26, 44, 10, 40, 21, 42, 38, 27, 34, 38], [31, 7, 33, 0, 37, 5, 40, 12, 32, 22, 12, 16, 34, 21, 14, 5], [12, 43, 7, 37, 0, 31, 33, 47, 17, 46, 24, 48, 45, 26, 40, 42], [26, 12, 28, 5, 31, 0, 37, 16, 27, 24, 7, 20, 34, 17, 16, 11], [41, 41, 26, 40, 33, 37, 0, 52, 16, 31, 34, 39, 19, 46, 30, 42], [39, 13, 44, 12, 47, 16, 52, 0, 44, 30, 23, 21, 44, 25, 24, 10], [25, 36, 10, 32, 17, 27, 16, 44, 0, 33, 22, 37, 28, 32, 28, 36], [46, 17, 40, 22, 46, 24, 31, 30, 33, 0, 28, 9, 15, 41, 8, 19], [19, 19, 21, 12, 24, 7, 34, 23, 22, 28, 0, 26, 35, 14, 20, 18], [45, 9, 42, 16, 48, 20, 39, 21, 37, 9, 26, 0, 25, 37, 9, 12], [49, 31, 38, 34, 45, 34, 19, 44, 28, 15, 35, 25, 0, 49, 20, 33], [16, 28, 27, 21, 26, 17, 46, 25, 32, 41, 14, 37, 49, 0, 32, 26], [39, 11, 34, 14, 40, 16, 30, 24, 28, 8, 20, 9, 20, 32, 0, 13], [37, 3, 38, 5, 42, 11, 42, 10, 36, 19, 18, 12, 33, 26, 13, 0]]",884,16,364.0,111.62790697674421,0.0,0.61,341.0,98.25581395348837,0.0,1.18
"[0, 1, 13, 2, 12, 11, 15, 14, 7, 9, 10, 3, 8, 4, 5, 6]",166,"[[0, 5, 18, 34, 15, 12, 4, 32, 18, 28, 34, 35, 28, 12, 31, 33], [5, 0, 19, 30, 12, 13, 9, 27, 13, 23, 29, 33, 28, 8, 26, 28], [18, 19, 0, 48, 31, 30, 15, 33, 30, 31, 45, 21, 10, 17, 28, 29], [34, 30, 48, 0, 19, 27, 38, 29, 17, 26, 8, 53, 55, 30, 35, 37], [15, 12, 31, 19, 0, 9, 19, 27, 6, 23, 20, 42, 40, 15, 29, 32], [12, 13, 30, 27, 9, 0, 16, 36, 15, 31, 29, 46, 40, 20, 37, 39], [4, 9, 15, 38, 19, 16, 0, 34, 22, 30, 38, 33, 25, 14, 32, 34], [32, 27, 33, 29, 27, 36, 34, 0, 21, 4, 22, 27, 35, 19, 6, 8], [18, 13, 30, 17, 6, 15, 22, 21, 0, 17, 16, 38, 38, 13, 24, 27], [28, 23, 31, 26, 23, 31, 30, 4, 17, 0, 19, 28, 35, 16, 8, 11], [34, 29, 45, 8, 20, 29, 38, 22, 16, 19, 0, 47, 51, 27, 28, 30], [35, 33, 21, 53, 42, 46, 33, 27, 38, 28, 47, 0, 15, 26, 20, 19], [28, 28, 10, 55, 40, 40, 25, 35, 38, 35, 51, 15, 0, 25, 30, 30], [12, 8, 17, 30, 15, 20, 14, 19, 13, 16, 27, 26, 25, 0, 18, 20], [31, 26, 28, 35, 29, 37, 32, 6, 24, 8, 28, 20, 30, 18, 0, 3], [33, 28, 29, 37, 32, 39, 34, 8, 27, 11, 30, 19, 30, 20, 3, 0]]",935,16,286.0,72.28915662650604,0.0,9.41,401.0,141.56626506024094,0.0,0.01
"[0, 9, 6, 8, 14, 7, 4, 15, 10, 5, 1, 3, 11, 13, 2, 12]",152,"[[0, 33, 20, 31, 38, 38, 21, 45, 21, 9, 44, 34, 5, 26, 40, 31], [33, 0, 17, 3, 34, 8, 35, 38, 37, 26, 19, 6, 28, 15, 40, 24], [20, 17, 0, 14, 41, 25, 32, 47, 34, 18, 35, 15, 15, 5, 45, 30], [31, 3, 14, 0, 34, 11, 34, 39, 36, 24, 22, 5, 25, 12, 41, 24], [38, 34, 41, 34, 0, 29, 19, 7, 20, 30, 23, 40, 36, 43, 7, 10], [38, 8, 25, 11, 29, 0, 35, 33, 37, 30, 11, 14, 33, 23, 36, 21], [21, 35, 32, 34, 19, 35, 0, 26, 2, 15, 34, 39, 21, 36, 19, 16], [45, 38, 47, 39, 7, 33, 26, 0, 27, 37, 24, 45, 43, 48, 9, 16], [21, 37, 34, 36, 20, 37, 2, 27, 0, 16, 37, 41, 22, 38, 20, 19], [9, 26, 18, 24, 30, 30, 15, 37, 16, 0, 35, 28, 6, 23, 32, 22], [44, 19, 35, 22, 23, 11, 34, 24, 37, 35, 0, 25, 39, 33, 30, 18], [34, 6, 15, 5, 40, 14, 39, 45, 41, 28, 25, 0, 28, 10, 46, 29], [5, 28, 15, 25, 36, 33, 21, 43, 22, 6, 39, 28, 0, 20, 39, 28], [26, 15, 5, 12, 43, 23, 36, 48, 38, 23, 33, 10, 20, 0, 48, 32], [40, 40, 45, 41, 7, 36, 19, 9, 20, 32, 30, 46, 39, 48, 0, 16], [31, 24, 30, 24, 10, 21, 16, 16, 19, 22, 18, 29, 28, 32, 16, 0]]",816,16,305.0,100.65789473684214,0.0,9.26,514.0,238.15789473684214,0.0,0.01
"[0, 2, 3, 5, 11, 1, 15, 13, 8, 6, 9, 7, 14, 4, 10, 12]",175,"[[0, 33, 5, 24, 24, 35, 45, 30, 43, 40, 29, 36, 5, 42, 28, 50], [33, 0, 28, 11, 40, 7, 49, 32, 42, 44, 48, 5, 33, 39, 34, 37], [5, 28, 0, 19, 25, 30, 46, 30, 42, 41, 32, 31, 7, 41, 28, 48], [24, 11, 19, 0, 38, 11, 52, 33, 46, 46, 45, 12, 25, 43, 34, 44], [24, 40, 25, 38, 0, 46, 22, 15, 22, 18, 8, 46, 19, 24, 10, 36], [35, 7, 30, 11, 46, 0, 56, 38, 50, 51, 54, 2, 36, 46, 41, 44], [45, 49, 46, 52, 22, 56, 0, 18, 8, 5, 22, 55, 40, 12, 18, 25], [30, 32, 30, 33, 15, 38, 18, 0, 13, 13, 22, 37, 26, 11, 5, 21], [43, 42, 42, 46, 22, 50, 8, 13, 0, 5, 25, 48, 38, 4, 14, 18], [40, 44, 41, 46, 18, 51, 5, 13, 5, 0, 20, 50, 35, 9, 13, 23], [29, 48, 32, 45, 8, 54, 22, 22, 25, 20, 0, 54, 24, 28, 17, 41], [36, 5, 31, 12, 46, 2, 55, 37, 48, 50, 54, 0, 36, 45, 40, 42], [5, 33, 7, 25, 19, 36, 40, 26, 38, 35, 24, 36, 0, 38, 23, 46], [42, 39, 41, 43, 24, 46, 12, 11, 4, 9, 28, 45, 38, 0, 15, 14], [28, 34, 28, 34, 10, 41, 18, 5, 14, 13, 17, 40, 23, 15, 0, 26], [50, 37, 48, 44, 36, 44, 25, 21, 18, 23, 41, 42, 46, 14, 26, 0]]",952,16,346.0,97.71428571428572,0.0,3.1199999999999997,481.0,174.8571428571429,0.0,0.01
"[0, 1, 8, 7, 10, 6, 3, 4, 11, 5, 12, 14, 15, 13, 2, 9]",186,"[[0, 1, 21, 35, 45, 38, 21, 27, 15, 10, 17, 48, 36, 24, 29, 29], [1, 0, 22, 35, 46, 38, 22, 27, 14, 9, 18, 49, 37, 25, 30, 30], [21, 22, 0, 26, 30, 22, 17, 36, 29, 28, 15, 32, 15, 4, 10, 16], [35, 35, 26, 0, 13, 11, 13, 26, 30, 45, 17, 19, 29, 29, 33, 42], [45, 46, 30, 13, 0, 8, 24, 39, 43, 55, 28, 6, 27, 32, 35, 44], [38, 38, 22, 11, 8, 0, 18, 36, 37, 47, 21, 10, 19, 24, 27, 36], [21, 22, 17, 13, 24, 18, 0, 20, 19, 31, 3, 29, 26, 21, 27, 33], [27, 27, 36, 26, 39, 36, 20, 0, 13, 36, 20, 45, 47, 40, 46, 51], [15, 14, 29, 30, 43, 37, 19, 13, 0, 23, 17, 48, 43, 33, 39, 42], [10, 9, 28, 45, 55, 47, 31, 36, 23, 0, 28, 58, 42, 30, 34, 31], [17, 18, 15, 17, 28, 21, 3, 20, 17, 28, 0, 32, 27, 19, 26, 31], [48, 49, 32, 19, 6, 10, 29, 45, 48, 58, 32, 0, 25, 33, 34, 44], [36, 37, 15, 29, 27, 19, 26, 47, 43, 42, 27, 25, 0, 12, 10, 19], [24, 25, 4, 29, 32, 24, 21, 40, 33, 30, 19, 33, 12, 0, 6, 13], [29, 30, 10, 33, 35, 27, 27, 46, 39, 34, 26, 34, 10, 6, 0, 9], [29, 30, 16, 42, 44, 36, 33, 51, 42, 31, 31, 44, 19, 13, 9, 0]]",986,16,299.0,60.75268817204301,0.0,0.11,386.0,107.52688172043011,0.0,0.01
"[0, 5, 14, 1, 13, 2, 3, 8, 15, 6, 11, 4, 7, 12, 10, 9]",156,"[[0, 20, 18, 19, 22, 4, 16, 20, 24, 15, 16, 19, 11, 33, 14, 19], [20, 0, 9, 22, 42, 17, 33, 39, 35, 26, 28, 36, 29, 13, 11, 33], [18, 9, 0, 13, 39, 17, 27, 37, 27, 29, 31, 31, 29, 18, 17, 26], [19, 22, 13, 0, 35, 21, 19, 35, 15, 34, 35, 22, 29, 31, 26, 16], [22, 42, 39, 35, 0, 26, 16, 5, 27, 27, 25, 14, 15, 56, 36, 21], [4, 17, 17, 21, 26, 0, 20, 23, 27, 13, 14, 23, 12, 30, 10, 23], [16, 33, 27, 19, 16, 20, 0, 17, 12, 29, 28, 3, 18, 46, 30, 5], [20, 39, 37, 35, 5, 23, 17, 0, 29, 22, 20, 17, 11, 53, 32, 23], [24, 35, 27, 15, 27, 27, 12, 29, 0, 39, 39, 12, 29, 46, 37, 6], [15, 26, 29, 34, 27, 13, 29, 22, 39, 0, 2, 31, 12, 38, 15, 33], [16, 28, 31, 35, 25, 14, 28, 20, 39, 2, 0, 31, 11, 40, 17, 33], [19, 36, 31, 22, 14, 23, 3, 17, 12, 31, 31, 0, 20, 49, 34, 7], [11, 29, 29, 29, 15, 12, 18, 11, 29, 12, 11, 20, 0, 43, 21, 23], [33, 13, 18, 31, 56, 30, 46, 53, 46, 38, 40, 49, 43, 0, 23, 45], [14, 11, 17, 26, 36, 10, 30, 32, 37, 15, 17, 34, 21, 23, 0, 33], [19, 33, 26, 16, 21, 23, 5, 23, 6, 33, 33, 7, 23, 45, 33, 0]]",952,16,321.0,105.76923076923075,0.0,0.31,411.0,163.46153846153845,0.0,0.01
"[0, 11, 10, 15, 8, 9, 5, 3, 12, 7, 1, 13, 6, 4, 2, 14]",162,"[[0, 32, 17, 20, 14, 30, 19, 32, 12, 18, 4, 3, 20, 38, 2, 14], [32, 0, 44, 21, 27, 32, 17, 13, 36, 31, 34, 31, 16, 7, 32, 44], [17, 44, 0, 37, 17, 48, 27, 47, 27, 35, 19, 20, 36, 49, 15, 25], [20, 21, 37, 0, 26, 13, 21, 13, 18, 10, 21, 18, 5, 28, 22, 26], [14, 27, 17, 26, 0, 39, 10, 32, 26, 29, 18, 17, 22, 31, 12, 28], [30, 32, 48, 13, 39, 0, 35, 20, 22, 13, 29, 27, 18, 38, 32, 30], [19, 17, 27, 21, 10, 35, 0, 24, 28, 28, 23, 20, 17, 21, 18, 33], [32, 13, 47, 13, 32, 20, 24, 0, 31, 23, 33, 30, 12, 19, 33, 39], [12, 36, 27, 18, 26, 22, 28, 31, 0, 10, 8, 9, 20, 43, 14, 8], [18, 31, 35, 10, 29, 13, 28, 23, 10, 0, 16, 14, 14, 38, 20, 18], [4, 34, 19, 21, 18, 29, 23, 33, 8, 16, 0, 3, 21, 41, 6, 10], [3, 31, 20, 18, 17, 27, 20, 30, 9, 14, 3, 0, 18, 38, 5, 13], [20, 16, 36, 5, 22, 18, 17, 12, 20, 14, 21, 18, 0, 23, 21, 28], [38, 7, 49, 28, 31, 38, 21, 19, 43, 38, 41, 38, 23, 0, 38, 50], [2, 32, 15, 22, 12, 32, 18, 33, 14, 20, 6, 5, 21, 38, 0, 16], [14, 44, 25, 26, 28, 30, 33, 39, 8, 18, 10, 13, 28, 50, 16, 0]]",850,16,277.0,70.98765432098764,0.0,4.9399999999999995,300.0,85.18518518518519,0.0,2.65
"[0, 9, 11, 10, 5, 8, 3, 7, 4, 6, 2, 13, 15, 1, 14, 12]",162,"[[0, 16, 34, 35, 31, 44, 32, 27, 46, 20, 31, 32, 15, 36, 17, 20], [16, 0, 31, 41, 30, 50, 32, 29, 51, 35, 38, 42, 11, 29, 12, 17], [34, 31, 0, 18, 4, 25, 5, 8, 25, 34, 21, 28, 41, 11, 43, 14], [35, 41, 18, 0, 15, 9, 13, 13, 10, 25, 6, 13, 48, 29, 50, 25], [31, 30, 4, 15, 0, 22, 2, 4, 23, 30, 17, 24, 40, 14, 41, 13], [44, 50, 25, 9, 22, 0, 20, 22, 2, 31, 13, 17, 58, 36, 59, 34], [32, 32, 5, 13, 2, 20, 0, 5, 21, 30, 15, 23, 42, 16, 43, 15], [27, 29, 8, 13, 4, 22, 5, 0, 23, 25, 14, 21, 37, 17, 39, 12], [46, 51, 25, 10, 23, 2, 21, 23, 0, 33, 15, 19, 59, 36, 60, 35], [20, 35, 34, 25, 30, 31, 30, 25, 33, 0, 19, 14, 36, 42, 37, 28], [31, 38, 21, 6, 17, 13, 15, 14, 15, 19, 0, 7, 45, 31, 46, 24], [32, 42, 28, 13, 24, 17, 23, 21, 19, 14, 7, 0, 47, 39, 48, 30], [15, 11, 41, 48, 40, 58, 42, 37, 59, 36, 45, 47, 0, 40, 1, 26], [36, 29, 11, 29, 14, 36, 16, 17, 36, 42, 31, 39, 40, 0, 41, 16], [17, 12, 43, 50, 41, 59, 43, 39, 60, 37, 46, 48, 1, 41, 0, 28], [20, 17, 14, 25, 13, 34, 15, 12, 35, 28, 24, 30, 26, 16, 28, 0]]",1020,16,433.0,167.28395061728395,0.0,0.02,334.0,106.17283950617283,0.0,0.59
"[0, 1, 3, 4, 12, 14, 15, 9, 2, 8, 13, 11, 6, 7, 5, 10]",197,"[[0, 4, 55, 26, 45, 22, 46, 33, 53, 46, 16, 41, 43, 49, 43, 46], [4, 0, 55, 25, 43, 25, 48, 37, 55, 47, 17, 42, 41, 50, 41, 46], [55, 55, 0, 33, 39, 33, 19, 47, 10, 9, 38, 15, 32, 8, 30, 12], [26, 25, 33, 0, 21, 17, 34, 40, 36, 23, 13, 24, 17, 30, 17, 21], [45, 43, 39, 21, 0, 39, 49, 61, 46, 30, 35, 38, 7, 41, 9, 27], [22, 25, 33, 17, 39, 0, 23, 22, 31, 26, 8, 18, 33, 27, 32, 27], [46, 48, 19, 34, 49, 23, 0, 28, 11, 21, 31, 10, 42, 12, 40, 24], [33, 37, 47, 40, 61, 22, 28, 0, 39, 43, 28, 32, 56, 39, 54, 45], [53, 55, 10, 36, 46, 31, 11, 39, 0, 16, 37, 13, 39, 6, 37, 19], [46, 47, 9, 23, 30, 26, 21, 43, 16, 0, 30, 12, 23, 10, 21, 3], [16, 17, 38, 13, 35, 8, 31, 28, 37, 30, 0, 24, 31, 33, 30, 30], [41, 42, 15, 24, 38, 18, 10, 32, 13, 12, 24, 0, 31, 8, 29, 14], [43, 41, 32, 17, 7, 33, 42, 56, 39, 23, 31, 31, 0, 33, 2, 20], [49, 50, 8, 30, 41, 27, 12, 39, 6, 10, 33, 8, 33, 0, 31, 13], [43, 41, 30, 17, 9, 32, 40, 54, 37, 21, 30, 29, 2, 31, 0, 18], [46, 46, 12, 21, 27, 27, 24, 45, 19, 3, 30, 14, 20, 13, 18, 0]]",1037,16,340.0,72.58883248730965,0.0,31.1,311.0,57.86802030456852,0.0,0.06999999999999999
"[0, 8, 2, 9, 3, 1, 6, 13, 12, 4, 7, 11, 15, 5, 10, 14]",168,"[[0, 35, 11, 44, 49, 17, 43, 29, 10, 11, 9, 29, 46, 46, 13, 25], [35, 0, 26, 22, 27, 20, 8, 11, 27, 26, 29, 10, 12, 11, 37, 12], [11, 26, 0, 32, 45, 13, 33, 23, 1, 0, 13, 22, 38, 37, 21, 18], [44, 22, 32, 0, 49, 36, 20, 33, 33, 32, 42, 32, 29, 26, 51, 32], [49, 27, 45, 49, 0, 32, 30, 22, 46, 45, 39, 23, 22, 25, 43, 26], [17, 20, 13, 36, 32, 0, 29, 12, 14, 13, 8, 12, 30, 30, 16, 8], [43, 8, 33, 20, 30, 29, 0, 19, 34, 33, 37, 18, 9, 6, 46, 21], [29, 11, 23, 33, 22, 12, 19, 0, 24, 23, 20, 1, 18, 19, 27, 4], [10, 27, 1, 33, 46, 14, 34, 24, 0, 1, 13, 23, 39, 38, 21, 19], [11, 26, 0, 32, 45, 13, 33, 23, 1, 0, 13, 22, 38, 37, 21, 18], [9, 29, 13, 42, 39, 8, 37, 20, 13, 13, 0, 21, 39, 39, 8, 17], [29, 10, 22, 32, 23, 12, 18, 1, 23, 22, 21, 0, 18, 19, 28, 4], [46, 12, 38, 29, 22, 30, 9, 18, 39, 38, 39, 18, 0, 3, 46, 21], [46, 11, 37, 26, 25, 30, 6, 19, 38, 37, 39, 19, 3, 0, 47, 22], [13, 37, 21, 51, 43, 16, 46, 27, 21, 21, 8, 28, 46, 47, 0, 25], [25, 12, 18, 32, 26, 8, 21, 4, 19, 18, 17, 4, 21, 22, 25, 0]]",867,16,392.0,133.33333333333334,0.0,0.01,442.0,163.09523809523807,0.0,0.01
"[0, 5, 1, 14, 3, 9, 13, 15, 4, 11, 2, 8, 10, 6, 7, 12]",180,"[[0, 27, 31, 46, 29, 8, 17, 9, 29, 48, 19, 23, 9, 48, 36, 40], [27, 0, 29, 20, 19, 30, 21, 19, 32, 22, 26, 20, 19, 23, 15, 29], [31, 29, 0, 46, 10, 39, 15, 24, 6, 36, 12, 10, 25, 34, 45, 11], [46, 20, 46, 0, 35, 47, 40, 39, 50, 17, 45, 38, 39, 20, 14, 41], [29, 19, 10, 35, 0, 35, 12, 19, 15, 27, 14, 6, 20, 25, 35, 12], [8, 30, 39, 47, 35, 0, 24, 16, 37, 52, 27, 30, 15, 53, 35, 47], [17, 21, 15, 40, 12, 24, 0, 9, 14, 37, 5, 6, 10, 36, 35, 23], [9, 19, 24, 39, 19, 16, 9, 0, 23, 39, 13, 14, 1, 39, 30, 31], [29, 32, 6, 50, 15, 37, 14, 23, 0, 42, 10, 12, 24, 40, 48, 17], [48, 22, 36, 17, 27, 52, 37, 39, 42, 0, 40, 32, 39, 3, 28, 28], [19, 26, 12, 45, 14, 27, 5, 13, 10, 40, 0, 8, 13, 39, 40, 22], [23, 20, 10, 38, 6, 30, 6, 14, 12, 32, 8, 0, 15, 30, 35, 17], [9, 19, 25, 39, 20, 15, 10, 1, 24, 39, 13, 15, 0, 39, 30, 32], [48, 23, 34, 20, 25, 53, 36, 39, 40, 3, 39, 30, 39, 0, 31, 25], [36, 15, 45, 14, 35, 35, 35, 30, 48, 28, 40, 35, 30, 31, 0, 44], [40, 29, 11, 41, 12, 47, 23, 31, 17, 28, 22, 17, 32, 25, 44, 0]]",901,16,401.0,122.77777777777777,0.0,0.01,421.0,133.8888888888889,0.0,0.01
"[0, 1, 6, 9, 12, 11, 7, 3, 5, 14, 13, 10, 8, 15, 4, 2]",187,"[[0, 8, 27, 33, 14, 42, 12, 36, 13, 18, 20, 49, 22, 25, 36, 13], [8, 0, 29, 25, 13, 35, 9, 28, 7, 14, 12, 41, 16, 17, 29, 12], [27, 29, 0, 41, 18, 42, 38, 49, 26, 43, 37, 65, 45, 35, 40, 18], [33, 25, 41, 0, 25, 13, 30, 10, 20, 30, 15, 25, 24, 8, 5, 25], [14, 13, 18, 25, 0, 31, 22, 32, 8, 27, 19, 48, 27, 18, 27, 1], [42, 35, 42, 13, 31, 0, 41, 22, 28, 43, 27, 33, 37, 19, 8, 31], [12, 9, 38, 30, 22, 41, 0, 29, 16, 5, 14, 40, 11, 22, 34, 21], [36, 28, 49, 10, 32, 22, 29, 0, 25, 27, 16, 15, 20, 14, 15, 32], [13, 7, 26, 20, 8, 28, 16, 25, 0, 20, 10, 39, 19, 12, 22, 7], [18, 14, 43, 30, 27, 43, 5, 27, 20, 0, 15, 37, 8, 24, 35, 26], [20, 12, 37, 15, 19, 27, 14, 16, 10, 15, 0, 29, 11, 8, 19, 18], [49, 41, 65, 25, 48, 33, 40, 15, 39, 37, 29, 0, 29, 29, 28, 47], [22, 16, 45, 24, 27, 37, 11, 20, 19, 8, 11, 29, 0, 19, 29, 26], [25, 17, 35, 8, 18, 19, 22, 14, 12, 24, 8, 29, 19, 0, 11, 18], [36, 29, 40, 5, 27, 8, 34, 15, 22, 35, 19, 28, 29, 11, 0, 27], [13, 12, 18, 25, 1, 31, 21, 32, 7, 26, 18, 47, 26, 18, 27, 0]]",1105,16,365.0,95.18716577540107,0.0,0.02,340.0,81.81818181818181,0.0,0.01
"[0, 8, 11, 9, 14, 1, 4, 2, 15, 10, 13, 5, 3, 6, 7, 12]",162,"[[0, 32, 25, 34, 32, 39, 32, 14, 0, 17, 43, 6, 4, 35, 20, 26], [32, 0, 14, 44, 14, 42, 45, 45, 32, 15, 35, 30, 36, 36, 12, 30], [25, 14, 0, 30, 6, 28, 31, 36, 25, 9, 24, 21, 30, 22, 14, 16], [34, 44, 30, 0, 33, 9, 3, 30, 34, 32, 22, 28, 36, 12, 40, 14], [32, 14, 6, 33, 0, 29, 34, 42, 32, 15, 21, 28, 37, 23, 19, 19], [39, 42, 28, 9, 29, 0, 13, 39, 39, 33, 13, 33, 42, 5, 41, 14], [32, 45, 31, 3, 34, 13, 0, 27, 32, 32, 25, 26, 34, 15, 39, 15], [14, 45, 36, 30, 42, 39, 27, 0, 14, 30, 47, 15, 12, 37, 34, 30], [0, 32, 25, 34, 32, 39, 32, 14, 0, 17, 43, 6, 4, 35, 20, 26], [17, 15, 9, 32, 15, 33, 32, 30, 17, 0, 31, 15, 22, 28, 7, 19], [43, 35, 24, 22, 21, 13, 25, 47, 43, 31, 0, 37, 47, 10, 38, 16], [6, 30, 21, 28, 28, 33, 26, 15, 6, 15, 37, 0, 10, 29, 19, 20], [4, 36, 30, 36, 37, 42, 34, 12, 4, 22, 47, 10, 0, 39, 24, 30], [35, 36, 22, 12, 23, 5, 15, 37, 35, 28, 10, 29, 39, 0, 35, 9], [20, 12, 14, 40, 19, 41, 39, 34, 20, 7, 38, 19, 24, 35, 0, 27], [26, 30, 16, 14, 19, 14, 15, 30, 26, 19, 16, 20, 30, 9, 27, 0]]",799,16,285.0,75.92592592592592,0.0,2.85,275.0,69.75308641975309,0.0,2.9899999999999998
"[0, 13, 12, 9, 1, 6, 8, 7, 5, 2, 10, 14, 3, 4, 11, 15]",177,"[[0, 22, 42, 42, 43, 37, 29, 33, 31, 28, 38, 15, 33, 25, 45, 13], [22, 0, 21, 29, 36, 15, 7, 11, 9, 8, 16, 22, 21, 21, 25, 21], [42, 21, 0, 36, 46, 6, 13, 9, 12, 14, 6, 42, 22, 30, 19, 42], [42, 29, 36, 0, 10, 31, 28, 32, 28, 33, 30, 29, 50, 51, 20, 31], [43, 36, 46, 10, 0, 40, 36, 40, 36, 41, 40, 29, 57, 57, 30, 31], [37, 15, 6, 31, 40, 0, 8, 4, 6, 9, 2, 36, 22, 29, 17, 36], [29, 7, 13, 28, 36, 8, 0, 5, 1, 5, 9, 28, 22, 25, 19, 28], [33, 11, 9, 32, 40, 4, 5, 0, 4, 5, 6, 33, 19, 25, 19, 33], [31, 9, 12, 28, 36, 6, 1, 4, 0, 6, 7, 30, 22, 26, 18, 29], [28, 8, 14, 33, 41, 9, 5, 5, 6, 0, 11, 30, 16, 20, 24, 29], [38, 16, 6, 30, 40, 2, 9, 6, 7, 11, 0, 37, 24, 31, 15, 37], [15, 22, 42, 29, 29, 36, 28, 33, 30, 30, 37, 0, 41, 36, 38, 2], [33, 21, 22, 50, 57, 22, 22, 19, 22, 16, 24, 41, 0, 11, 39, 40], [25, 21, 30, 51, 57, 29, 25, 25, 26, 20, 31, 36, 11, 0, 44, 34], [45, 25, 19, 20, 30, 17, 19, 19, 18, 24, 15, 38, 39, 44, 0, 39], [13, 21, 42, 31, 31, 36, 28, 33, 29, 29, 37, 2, 40, 34, 39, 0]]",969,16,383.0,116.38418079096047,0.0,0.01,431.0,143.50282485875704,0.0,0.01
"[0, 8, 13, 2, 9, 15, 6, 4, 7, 14, 12, 1, 5, 3, 11, 10]",168,"[[0, 34, 25, 39, 48, 35, 43, 52, 5, 33, 9, 42, 34, 19, 54, 40], [34, 0, 39, 4, 45, 1, 44, 38, 39, 43, 25, 12, 10, 36, 36, 44], [25, 39, 0, 42, 25, 40, 20, 35, 23, 8, 25, 51, 32, 6, 38, 15], [39, 4, 42, 0, 45, 3, 45, 37, 43, 46, 30, 11, 11, 40, 34, 46], [48, 45, 25, 45, 0, 45, 5, 15, 47, 19, 45, 57, 34, 30, 21, 10], [35, 1, 40, 3, 45, 0, 44, 39, 40, 44, 26, 11, 11, 37, 36, 45], [43, 44, 20, 45, 5, 44, 0, 19, 42, 13, 41, 56, 33, 25, 25, 5], [52, 38, 35, 37, 15, 39, 19, 0, 53, 30, 47, 49, 28, 38, 6, 23], [5, 39, 23, 43, 47, 40, 42, 53, 0, 31, 14, 47, 38, 17, 55, 38], [33, 43, 8, 46, 19, 44, 13, 30, 31, 0, 32, 55, 35, 14, 35, 8], [9, 25, 25, 30, 45, 26, 41, 47, 14, 32, 0, 33, 26, 19, 47, 38], [42, 12, 51, 11, 57, 11, 56, 49, 47, 55, 33, 0, 22, 47, 46, 56], [34, 10, 32, 11, 34, 11, 33, 28, 38, 35, 26, 22, 0, 31, 26, 34], [19, 36, 6, 40, 30, 37, 25, 38, 17, 14, 19, 47, 31, 0, 41, 21], [54, 36, 38, 34, 21, 36, 25, 6, 55, 35, 47, 46, 26, 41, 0, 29], [40, 44, 15, 46, 10, 45, 5, 23, 38, 8, 38, 56, 34, 21, 29, 0]]",969,16,333.0,98.21428571428572,0.0,3.63,281.0,67.26190476190476,0.0,10.32
"[0, 5, 3, 12, 4, 2, 7, 1, 13, 11, 6, 9, 10, 8, 15, 14]",212,"[[0, 24, 34, 18, 40, 9, 51, 21, 41, 55, 29, 34, 31, 33, 7, 16], [24, 0, 16, 23, 31, 14, 27, 8, 33, 31, 9, 10, 22, 10, 19, 18], [34, 16, 0, 23, 18, 26, 26, 13, 48, 30, 23, 13, 13, 11, 32, 34], [18, 23, 23, 0, 22, 16, 47, 15, 52, 51, 32, 30, 14, 28, 21, 29], [40, 31, 18, 22, 0, 35, 43, 24, 65, 47, 41, 32, 9, 30, 41, 46], [9, 14, 26, 16, 35, 0, 42, 13, 36, 46, 20, 25, 25, 24, 6, 12], [51, 27, 26, 47, 43, 42, 0, 33, 42, 4, 24, 17, 39, 18, 46, 42], [21, 8, 13, 15, 24, 13, 33, 0, 41, 37, 18, 15, 15, 14, 19, 21], [41, 33, 48, 52, 65, 36, 42, 41, 0, 43, 24, 36, 55, 38, 34, 25], [55, 31, 30, 51, 47, 46, 4, 37, 43, 0, 27, 21, 43, 22, 50, 45], [29, 9, 23, 32, 41, 20, 24, 18, 24, 27, 0, 12, 32, 13, 23, 17], [34, 10, 13, 30, 32, 25, 17, 15, 36, 21, 12, 0, 25, 2, 30, 27], [31, 22, 13, 14, 9, 25, 39, 15, 55, 43, 32, 25, 0, 22, 31, 36], [33, 10, 11, 28, 30, 24, 18, 14, 38, 22, 13, 2, 22, 0, 29, 27], [7, 19, 32, 21, 41, 6, 46, 19, 34, 50, 23, 30, 31, 29, 0, 9], [16, 18, 34, 29, 46, 12, 42, 21, 25, 45, 17, 27, 36, 27, 9, 0]]",1105,16,476.0,124.52830188679246,0.0,0.01,329.0,55.188679245283026,0.0,0.33
"[0, 1, 2, 10, 11, 12, 9, 3, 5, 4, 13, 7, 8, 14, 6, 15]",164,"[[0, 2, 20, 51, 61, 53, 32, 36, 25, 37, 30, 32, 38, 53, 33, 1], [2, 0, 18, 49, 59, 51, 32, 35, 25, 35, 28, 30, 36, 51, 33, 3], [20, 18, 0, 35, 45, 36, 35, 25, 25, 21, 10, 12, 21, 39, 35, 21], [51, 49, 35, 0, 9, 3, 41, 16, 33, 14, 26, 26, 13, 8, 39, 52], [61, 59, 45, 9, 0, 8, 48, 25, 42, 24, 36, 35, 23, 11, 46, 61], [53, 51, 36, 3, 8, 0, 44, 19, 36, 16, 27, 26, 14, 10, 42, 53], [32, 32, 35, 41, 48, 44, 0, 25, 10, 31, 39, 41, 36, 37, 2, 32], [36, 35, 25, 16, 25, 19, 25, 0, 17, 7, 21, 22, 12, 16, 23, 37], [25, 25, 25, 33, 42, 36, 10, 17, 0, 22, 29, 30, 26, 32, 10, 26], [37, 35, 21, 14, 24, 16, 31, 7, 22, 0, 16, 16, 5, 17, 29, 37], [30, 28, 10, 26, 36, 27, 39, 21, 29, 16, 0, 2, 13, 32, 38, 31], [32, 30, 12, 26, 35, 26, 41, 22, 30, 16, 2, 0, 13, 32, 40, 33], [38, 36, 21, 13, 23, 14, 36, 12, 26, 5, 13, 13, 0, 19, 34, 39], [53, 51, 39, 8, 11, 10, 37, 16, 32, 17, 32, 32, 19, 0, 35, 53], [33, 33, 35, 39, 46, 42, 2, 23, 10, 29, 38, 40, 34, 35, 0, 33], [1, 3, 21, 52, 61, 53, 32, 37, 26, 37, 31, 33, 39, 53, 33, 0]]",1037,16,335.0,104.26829268292681,0.0,0.45999999999999996,361.0,120.1219512195122,0.0,0.01
"[0, 9, 11, 10, 6, 8, 14, 4, 2, 1, 13, 3, 5, 7, 15, 12]",151,"[[0, 40, 42, 25, 40, 23, 22, 16, 33, 8, 23, 13, 12, 32, 34, 24], [40, 0, 5, 15, 24, 17, 29, 28, 29, 32, 19, 27, 44, 9, 24, 33], [42, 5, 0, 17, 20, 20, 27, 31, 26, 34, 19, 29, 47, 9, 21, 37], [25, 15, 17, 0, 23, 4, 17, 15, 22, 17, 6, 12, 30, 7, 19, 24], [40, 24, 20, 23, 0, 26, 18, 37, 9, 35, 19, 30, 49, 19, 5, 47], [23, 17, 20, 4, 26, 0, 18, 11, 25, 15, 9, 9, 26, 10, 23, 20], [22, 29, 27, 17, 18, 18, 0, 24, 11, 19, 10, 15, 33, 20, 12, 35], [16, 28, 31, 15, 37, 11, 24, 0, 33, 8, 18, 8, 15, 22, 32, 11], [33, 29, 26, 22, 9, 25, 11, 33, 0, 30, 16, 25, 44, 21, 5, 44], [8, 32, 34, 17, 35, 15, 19, 8, 30, 0, 17, 5, 14, 24, 30, 18], [23, 19, 19, 6, 19, 9, 10, 18, 16, 17, 0, 11, 31, 10, 14, 28], [13, 27, 29, 12, 30, 9, 15, 8, 25, 5, 11, 0, 19, 19, 25, 20], [12, 44, 47, 30, 49, 26, 33, 15, 44, 14, 31, 19, 0, 37, 44, 17], [32, 9, 9, 7, 19, 10, 20, 22, 21, 24, 10, 19, 37, 0, 17, 30], [34, 24, 21, 19, 5, 23, 12, 32, 5, 30, 14, 25, 44, 17, 0, 43], [24, 33, 37, 24, 47, 20, 35, 11, 44, 18, 28, 20, 17, 30, 43, 0]]",833,16,286.0,89.40397350993376,0.0,0.26,407.0,169.53642384105962,0.0,0.01
"[0, 3, 11, 15, 9, 14, 8, 10, 6, 13, 1, 2, 4, 5, 7, 12]",162,"[[0, 22, 14, 8, 13, 19, 34, 23, 28, 7, 41, 11, 2, 37, 21, 11], [22, 0, 7, 30, 11, 8, 19, 25, 14, 19, 31, 30, 20, 17, 14, 26], [14, 7, 0, 23, 5, 7, 23, 21, 18, 13, 34, 23, 13, 23, 14, 20], [8, 30, 23, 0, 21, 27, 41, 28, 35, 13, 47, 7, 10, 45, 27, 12], [13, 11, 5, 21, 0, 5, 29, 16, 23, 15, 39, 23, 11, 28, 19, 22], [19, 8, 7, 27, 5, 0, 28, 16, 23, 20, 39, 29, 17, 25, 20, 27], [34, 19, 23, 41, 29, 28, 0, 44, 6, 27, 12, 37, 34, 11, 13, 31], [23, 25, 21, 28, 16, 16, 44, 0, 39, 28, 55, 33, 21, 41, 35, 34], [28, 14, 18, 35, 23, 23, 6, 39, 0, 22, 16, 31, 28, 12, 8, 26], [7, 19, 13, 13, 15, 20, 27, 28, 22, 0, 34, 10, 8, 32, 14, 7], [41, 31, 34, 47, 39, 39, 12, 55, 16, 34, 0, 41, 41, 22, 20, 35], [11, 30, 23, 7, 23, 29, 37, 33, 31, 10, 41, 0, 13, 42, 23, 6], [2, 20, 13, 10, 11, 17, 34, 21, 28, 8, 41, 13, 0, 36, 21, 13], [37, 17, 23, 45, 28, 25, 11, 41, 12, 32, 22, 42, 36, 0, 19, 37], [21, 14, 14, 27, 19, 20, 13, 35, 8, 14, 20, 23, 21, 19, 0, 18], [11, 26, 20, 12, 22, 27, 31, 34, 26, 7, 35, 6, 13, 37, 18, 0]]",935,16,274.0,69.1358024691358,0.0,4.43,365.0,125.30864197530863,0.0,0.01
"[0, 4, 9, 1, 13, 7, 10, 5, 12, 11, 15, 14, 8, 3, 2, 6]",161,"[[0, 29, 11, 18, 27, 45, 3, 38, 20, 24, 39, 15, 43, 32, 14, 16], [29, 0, 25, 37, 18, 26, 27, 9, 36, 5, 19, 20, 26, 4, 25, 24], [11, 25, 0, 11, 32, 35, 8, 34, 12, 20, 30, 5, 33, 28, 3, 5], [18, 37, 11, 0, 43, 41, 15, 45, 4, 31, 38, 16, 38, 39, 12, 13], [27, 18, 32, 43, 0, 44, 28, 23, 44, 20, 37, 29, 45, 21, 33, 33], [45, 26, 35, 41, 44, 0, 42, 25, 38, 25, 7, 30, 3, 23, 32, 30], [3, 27, 8, 15, 28, 42, 0, 37, 17, 22, 36, 12, 40, 31, 11, 13], [38, 9, 34, 45, 23, 25, 37, 0, 44, 14, 18, 29, 26, 6, 33, 32], [20, 36, 12, 4, 44, 38, 17, 44, 0, 30, 35, 15, 35, 38, 11, 12], [24, 5, 20, 31, 20, 25, 22, 14, 30, 0, 18, 14, 25, 8, 19, 18], [39, 19, 30, 38, 37, 7, 36, 18, 35, 18, 0, 24, 8, 16, 27, 25], [15, 20, 5, 16, 29, 30, 12, 29, 15, 14, 24, 0, 28, 22, 4, 4], [43, 26, 33, 38, 45, 3, 40, 26, 35, 25, 8, 28, 0, 24, 30, 28], [32, 4, 28, 39, 21, 23, 31, 6, 38, 8, 16, 22, 24, 0, 27, 26], [14, 25, 3, 12, 33, 32, 11, 33, 11, 19, 27, 4, 30, 27, 0, 2], [16, 24, 5, 13, 33, 30, 13, 32, 12, 18, 25, 4, 28, 26, 2, 0]]",765,16,446.0,177.01863354037266,0.0,0.01,416.0,158.38509316770188,0.0,0.01
"[0, 1, 12, 4, 8, 10, 7, 5, 15, 11, 6, 14, 9, 13, 3, 2]",178,"[[0, 7, 10, 10, 34, 43, 23, 23, 28, 9, 15, 25, 18, 8, 20, 37], [7, 0, 14, 15, 28, 37, 21, 17, 22, 13, 10, 21, 12, 13, 23, 32], [10, 14, 0, 2, 33, 52, 34, 32, 32, 19, 25, 36, 20, 17, 30, 47], [10, 15, 2, 0, 36, 53, 33, 32, 34, 17, 25, 35, 22, 15, 28, 47], [34, 28, 33, 36, 0, 41, 43, 29, 11, 41, 31, 40, 15, 41, 51, 43], [43, 37, 52, 53, 41, 0, 27, 20, 31, 42, 27, 21, 38, 44, 43, 9], [23, 21, 34, 33, 43, 27, 0, 15, 33, 17, 12, 6, 30, 19, 16, 18], [23, 17, 32, 32, 29, 20, 15, 0, 18, 24, 8, 11, 19, 25, 28, 16], [28, 22, 32, 34, 11, 31, 33, 18, 0, 34, 21, 29, 12, 34, 43, 32], [9, 13, 19, 17, 41, 42, 17, 24, 34, 0, 16, 21, 26, 2, 11, 34], [15, 10, 25, 25, 31, 27, 12, 8, 21, 16, 0, 11, 18, 17, 21, 21], [25, 21, 36, 35, 40, 21, 6, 11, 29, 21, 11, 0, 29, 23, 22, 13], [18, 12, 20, 22, 15, 38, 30, 19, 12, 26, 18, 29, 0, 25, 36, 36], [8, 13, 17, 15, 41, 44, 19, 25, 34, 2, 17, 23, 25, 0, 13, 36], [20, 23, 30, 28, 51, 43, 16, 28, 43, 11, 21, 22, 36, 13, 0, 34], [37, 32, 47, 47, 43, 9, 18, 16, 32, 34, 21, 13, 36, 36, 34, 0]]",901,16,294.0,65.16853932584269,0.0,1.3,361.0,102.80898876404495,0.0,0.01
"[0, 9, 14, 11, 4, 5, 13, 2, 12, 3, 8, 1, 15, 7, 6, 10]",175,"[[0, 33, 46, 42, 43, 28, 7, 18, 31, 8, 2, 41, 44, 22, 25, 27], [33, 0, 34, 26, 52, 38, 26, 19, 11, 37, 31, 55, 28, 30, 45, 7], [46, 34, 0, 8, 29, 25, 40, 29, 23, 44, 46, 35, 7, 25, 37, 38], [42, 26, 8, 0, 34, 27, 35, 24, 15, 41, 41, 39, 2, 23, 38, 30], [43, 52, 29, 34, 0, 15, 41, 36, 41, 36, 45, 7, 35, 24, 19, 52], [28, 38, 25, 27, 15, 0, 26, 21, 29, 23, 30, 16, 29, 8, 11, 38], [7, 26, 40, 35, 41, 26, 0, 11, 24, 12, 6, 40, 38, 18, 25, 20], [18, 19, 29, 24, 36, 21, 11, 0, 14, 20, 17, 37, 26, 12, 26, 17], [31, 11, 23, 15, 41, 29, 24, 14, 0, 34, 30, 45, 17, 21, 37, 15], [8, 37, 44, 41, 36, 23, 12, 20, 34, 0, 10, 34, 44, 19, 18, 32], [2, 31, 46, 41, 45, 30, 6, 17, 30, 10, 0, 43, 44, 23, 27, 25], [41, 55, 35, 39, 7, 16, 40, 37, 45, 34, 43, 0, 41, 25, 16, 54], [44, 28, 7, 2, 35, 29, 38, 26, 17, 44, 44, 41, 0, 26, 40, 32], [22, 30, 25, 23, 24, 8, 18, 12, 21, 19, 23, 25, 26, 0, 15, 29], [25, 45, 37, 38, 19, 11, 25, 26, 37, 18, 27, 16, 40, 15, 0, 43], [27, 7, 38, 30, 52, 38, 20, 17, 15, 32, 25, 54, 32, 29, 43, 0]]",935,16,486.0,177.71428571428572,0.0,0.01,212.0,21.142857142857153,0.0,36.58
"[0, 3, 2, 14, 11, 13, 8, 7, 4, 1, 5, 15, 9, 12, 6, 10]",172,"[[0, 24, 34, 7, 35, 20, 23, 43, 53, 32, 7, 37, 32, 41, 35, 20], [24, 0, 25, 26, 10, 4, 22, 18, 29, 15, 18, 22, 15, 19, 27, 10], [34, 25, 0, 30, 31, 24, 45, 33, 40, 40, 33, 8, 41, 22, 1, 33], [7, 26, 30, 0, 37, 22, 29, 44, 55, 37, 13, 34, 36, 41, 31, 24], [35, 10, 31, 37, 0, 15, 27, 8, 18, 13, 28, 25, 13, 15, 32, 17], [20, 4, 24, 22, 15, 0, 21, 22, 33, 18, 14, 21, 18, 21, 25, 10], [23, 22, 45, 29, 27, 21, 0, 35, 44, 16, 16, 43, 15, 40, 47, 12], [43, 18, 33, 44, 8, 22, 35, 0, 10, 20, 36, 25, 21, 12, 34, 26], [53, 29, 40, 55, 18, 33, 44, 10, 0, 28, 47, 32, 29, 18, 41, 36], [32, 15, 40, 37, 13, 18, 16, 20, 28, 0, 25, 36, 1, 28, 42, 12], [7, 18, 33, 13, 28, 14, 16, 36, 47, 25, 0, 34, 24, 36, 34, 12], [37, 22, 8, 34, 25, 21, 43, 25, 32, 36, 34, 0, 36, 14, 9, 31], [32, 15, 41, 36, 13, 18, 15, 21, 29, 1, 24, 36, 0, 29, 42, 12], [41, 19, 22, 41, 15, 21, 40, 12, 18, 28, 36, 14, 29, 0, 23, 29], [35, 27, 1, 31, 32, 25, 47, 34, 41, 42, 34, 9, 42, 23, 0, 35], [20, 10, 33, 24, 17, 10, 12, 26, 36, 12, 12, 31, 12, 29, 35, 0]]",935,16,416.0,141.86046511627904,0.0,0.01,286.0,66.27906976744185,0.0,14.540000000000001
"[0, 3, 10, 1, 8, 9, 2, 7, 4, 5, 6, 13, 12, 15, 11, 14]",165,"[[0, 30, 29, 17, 39, 36, 36, 33, 32, 31, 29, 7, 15, 25, 7, 15], [30, 0, 25, 25, 36, 47, 51, 30, 21, 23, 3, 35, 40, 39, 32, 40], [29, 25, 0, 12, 12, 23, 28, 5, 6, 3, 28, 36, 28, 19, 36, 28], [17, 25, 12, 0, 21, 23, 26, 15, 16, 14, 26, 24, 18, 14, 24, 18], [39, 36, 12, 21, 0, 19, 25, 7, 15, 13, 39, 46, 34, 21, 46, 34], [36, 47, 23, 23, 19, 0, 6, 20, 30, 26, 49, 41, 24, 11, 43, 24], [36, 51, 28, 26, 25, 6, 0, 26, 34, 31, 52, 41, 22, 12, 43, 22], [33, 30, 5, 15, 7, 20, 26, 0, 10, 6, 32, 40, 30, 19, 40, 30], [32, 21, 6, 16, 15, 30, 34, 10, 0, 3, 24, 39, 34, 25, 38, 34], [31, 23, 3, 14, 13, 26, 31, 6, 3, 0, 26, 38, 31, 22, 37, 31], [29, 3, 28, 26, 39, 49, 52, 32, 24, 26, 0, 34, 41, 41, 31, 41], [7, 35, 36, 24, 46, 41, 41, 40, 39, 38, 34, 0, 19, 30, 3, 19], [15, 40, 28, 18, 34, 24, 22, 30, 34, 31, 41, 19, 0, 14, 21, 0], [25, 39, 19, 14, 21, 11, 12, 19, 25, 22, 41, 30, 14, 0, 32, 14], [7, 32, 36, 24, 46, 43, 43, 40, 38, 37, 31, 3, 21, 32, 0, 21], [15, 40, 28, 18, 34, 24, 22, 30, 34, 31, 41, 19, 0, 14, 21, 0]]",884,16,264.0,60.0,0.0,8.66,351.0,112.72727272727275,0.0,0.9199999999999999
"[0, 5, 6, 4, 13, 12, 2, 14, 15, 8, 9, 10, 3, 11, 1, 7]",149,"[[0, 19, 29, 27, 13, 9, 14, 10, 42, 30, 29, 21, 25, 18, 41, 44], [19, 0, 42, 31, 33, 26, 33, 10, 44, 36, 31, 8, 41, 38, 48, 47], [29, 42, 0, 17, 23, 34, 27, 33, 23, 13, 19, 36, 9, 24, 15, 23], [27, 31, 17, 0, 30, 35, 34, 25, 14, 6, 2, 23, 23, 34, 17, 17], [13, 33, 23, 30, 0, 12, 4, 22, 42, 30, 32, 32, 15, 5, 38, 43], [9, 26, 34, 35, 12, 0, 10, 18, 50, 37, 37, 29, 27, 16, 47, 51], [14, 33, 27, 34, 4, 10, 0, 24, 47, 34, 36, 34, 19, 6, 42, 48], [10, 10, 33, 25, 22, 18, 24, 0, 40, 30, 26, 11, 31, 28, 41, 42], [42, 44, 23, 14, 42, 50, 47, 40, 0, 12, 13, 36, 32, 45, 10, 3], [30, 36, 13, 6, 30, 37, 34, 30, 12, 0, 6, 29, 20, 33, 11, 13], [29, 31, 19, 2, 32, 37, 36, 26, 13, 6, 0, 24, 25, 36, 17, 15], [21, 8, 36, 23, 32, 29, 34, 11, 36, 29, 24, 0, 37, 38, 40, 39], [25, 41, 9, 23, 15, 27, 19, 31, 32, 20, 25, 37, 0, 15, 24, 32], [18, 38, 24, 34, 5, 16, 6, 28, 45, 33, 36, 38, 15, 0, 39, 46], [41, 48, 15, 17, 38, 47, 42, 41, 10, 11, 17, 40, 24, 39, 0, 8], [44, 47, 23, 17, 43, 51, 48, 42, 3, 13, 15, 39, 32, 46, 8, 0]]",867,16,316.0,112.08053691275168,0.0,18.02,471.0,216.10738255033561,0.0,0.01
"[0, 3, 10, 2, 14, 12, 1, 11, 6, 8, 13, 7, 4, 15, 9, 5]",201,"[[0, 25, 26, 11, 36, 8, 28, 37, 28, 19, 16, 29, 7, 34, 13, 31], [25, 0, 47, 35, 58, 29, 35, 55, 36, 40, 40, 35, 18, 47, 33, 57], [26, 47, 0, 15, 46, 30, 51, 51, 52, 35, 11, 54, 30, 54, 14, 32], [11, 35, 15, 0, 36, 15, 36, 38, 36, 21, 5, 38, 17, 39, 8, 25], [36, 58, 46, 36, 0, 29, 29, 8, 29, 17, 37, 32, 43, 20, 44, 17], [8, 29, 30, 15, 29, 0, 21, 29, 21, 11, 19, 23, 13, 26, 20, 27], [28, 35, 51, 36, 29, 21, 0, 23, 1, 19, 40, 3, 29, 12, 41, 39], [37, 55, 51, 38, 8, 29, 23, 0, 23, 18, 41, 26, 42, 12, 46, 25], [28, 36, 52, 36, 29, 21, 1, 23, 0, 19, 41, 3, 30, 11, 42, 39], [19, 40, 35, 21, 17, 11, 19, 18, 19, 0, 24, 22, 25, 18, 28, 20], [16, 40, 11, 5, 37, 19, 40, 41, 41, 24, 0, 43, 22, 43, 9, 25], [29, 35, 54, 38, 32, 23, 3, 26, 3, 22, 43, 0, 30, 14, 43, 42], [7, 18, 30, 17, 43, 13, 29, 42, 30, 25, 22, 30, 0, 38, 16, 39], [34, 47, 54, 39, 20, 26, 12, 12, 11, 18, 43, 14, 38, 0, 46, 33], [13, 33, 14, 8, 44, 20, 41, 46, 42, 28, 9, 43, 16, 46, 0, 33], [31, 57, 32, 25, 17, 27, 39, 25, 39, 20, 25, 42, 39, 33, 33, 0]]",986,16,421.0,109.45273631840794,0.0,0.15,512.0,154.726368159204,0.0,0.01
"[0, 13, 4, 9, 3, 12, 5, 7, 8, 14, 10, 2, 11, 1, 6, 15]",203,"[[0, 12, 22, 30, 17, 54, 13, 43, 49, 26, 28, 22, 40, 9, 36, 8], [12, 0, 24, 36, 28, 55, 8, 37, 40, 35, 30, 21, 44, 18, 35, 5], [22, 24, 0, 13, 21, 31, 31, 24, 37, 17, 5, 5, 19, 15, 15, 26], [30, 36, 13, 0, 21, 28, 42, 32, 48, 9, 11, 18, 10, 21, 20, 36], [17, 28, 21, 21, 0, 49, 30, 46, 57, 13, 26, 25, 31, 10, 36, 25], [54, 55, 31, 28, 49, 0, 63, 26, 43, 37, 26, 33, 19, 46, 20, 57], [13, 8, 31, 42, 30, 63, 0, 46, 48, 39, 37, 29, 51, 21, 43, 5], [43, 37, 24, 32, 46, 26, 46, 0, 17, 40, 21, 21, 30, 38, 12, 42], [49, 40, 37, 48, 57, 43, 48, 17, 0, 54, 36, 32, 47, 47, 28, 45], [26, 35, 17, 9, 13, 37, 39, 40, 54, 0, 18, 22, 18, 17, 28, 33], [28, 30, 5, 11, 26, 26, 37, 21, 36, 18, 0, 8, 15, 20, 10, 31], [22, 21, 5, 18, 25, 33, 29, 21, 32, 22, 8, 0, 23, 17, 13, 24], [40, 44, 19, 10, 31, 19, 51, 30, 47, 18, 15, 23, 0, 31, 19, 45], [9, 18, 15, 21, 10, 46, 21, 38, 47, 17, 20, 17, 31, 0, 30, 16], [36, 35, 15, 20, 36, 20, 43, 12, 28, 28, 10, 13, 19, 30, 0, 38], [8, 5, 26, 36, 25, 57, 5, 42, 45, 33, 31, 24, 45, 16, 38, 0]]",1071,16,458.0,125.61576354679804,0.0,0.01,306.0,50.73891625615764,0.0,1.73
"[0, 6, 13, 3, 11, 4, 15, 12, 2, 9, 7, 5, 10, 8, 1, 14]",134,"[[0, 9, 35, 28, 42, 31, 23, 32, 21, 38, 26, 36, 39, 27, 10, 41], [9, 0, 36, 32, 46, 31, 31, 33, 17, 37, 26, 39, 40, 34, 7, 43], [35, 36, 0, 12, 14, 5, 30, 3, 21, 5, 10, 8, 3, 23, 43, 9], [28, 32, 12, 0, 14, 12, 18, 11, 22, 17, 12, 8, 14, 11, 37, 13], [42, 46, 14, 14, 0, 19, 28, 17, 33, 18, 22, 7, 12, 19, 51, 5], [31, 31, 5, 12, 19, 0, 29, 2, 16, 6, 5, 12, 8, 23, 38, 14], [23, 31, 30, 18, 28, 29, 0, 29, 31, 34, 27, 26, 32, 8, 33, 30], [32, 33, 3, 11, 17, 2, 29, 0, 17, 6, 6, 10, 7, 22, 39, 12], [21, 17, 21, 22, 33, 16, 31, 17, 0, 21, 11, 26, 25, 29, 24, 29], [38, 37, 5, 17, 18, 6, 34, 6, 21, 0, 11, 12, 6, 28, 44, 12], [26, 26, 10, 12, 22, 5, 27, 6, 11, 11, 0, 15, 13, 22, 33, 18], [36, 39, 8, 8, 7, 12, 26, 10, 26, 12, 15, 0, 7, 18, 45, 4], [39, 40, 3, 14, 12, 8, 32, 7, 25, 6, 13, 7, 0, 24, 46, 6], [27, 34, 23, 11, 19, 23, 8, 22, 29, 28, 22, 18, 24, 0, 37, 22], [10, 7, 43, 37, 51, 38, 33, 39, 24, 44, 33, 45, 46, 37, 0, 49], [41, 43, 9, 13, 5, 14, 30, 12, 29, 12, 18, 4, 6, 22, 49, 0]]",867,16,198.0,47.76119402985074,0.0,1.1400000000000001,388.0,189.55223880597015,0.0,0.02
